TDRS 3                  
1 19548U 88091B   18194.44342753 -.00000313  00000-0  00000-0 0  9996
2 19548  14.4250   4.0322 0035109 316.7140  67.5962  1.00281485 96375
SKYNET 4C               
1 20776U 90079A   18193.13570653  .00000116  00000-0  00000+0 0  9996
2 20776  13.9475  12.2915 0002421  96.0037 264.0563  1.00269373101893
TDRS 5                  
1 21639U 91054B   18194.26315796  .00000071  00000-0  00000+0 0  9999
2 21639  14.5752  17.3691 0024008 354.4461 206.5198  1.00264917 98665
TDRS 6                  
1 22314U 93003B   18194.43876679 -.00000308  00000-0  00000-0 0  9992
2 22314  14.1415  20.3740 0003679 338.6301  44.2570  1.00267569 93410
ASTRA 1D                
1 23331U 94070A   18194.52029549 -.00000281  00000-0  00000-0 0  9993
2 23331   8.1316  46.5798 0003530  62.2667 296.7991  1.00270722 87247
AMSC 1                  
1 23553U 95019A   18194.57926282 -.00000131  00000-0  00000+0 0  9991
2 23553  10.5411  36.5590 0003447  48.0807 311.9885  1.00272774 85137
TDRS 7                  
1 23613U 95035B   18194.75160556 -.00000212  00000-0  00000+0 0  9990
2 23613  14.7583  11.0565 0028690  21.2269 254.4414  1.00269225 84115
INMARSAT 3-F1           
1 23839U 96020A   18193.75794132 -.00000006  00000-0  00000+0 0  9998
2 23839   4.7204  65.7289 0006042  42.9359 159.2634  1.00272756 81576
ASTRA 1F                
1 23842U 96021A   18194.60087098  .00000126  00000-0  00000-0 0  9997
2 23842   0.0668 308.3486 0004649 175.1718  68.4979  1.00269321 23312
MSAT M1                 
1 23846U 96022A   18193.61988210 -.00000098  00000-0  00000+0 0  9996
2 23846   8.3169  46.0393 0005613  57.1916 302.8774  1.00272333 81394
INMARSAT 3-F2           
1 24307U 96053A   18194.38822038 -.00000139  00000-0  00000+0 0  9999
2 24307   3.4232  75.7907 0005438  13.1656 326.5286  1.00272229 79989
AMC-1 (GE-1)            
1 24315U 96054A   18193.78608979  .00000056  00000-0  00000-0 0  9996
2 24315   2.3894  83.1086 0002692  40.6321 318.9647  1.00272316 17282
AFRICASAT-2 (MEASAT-2)  
1 24653U 96063B   18193.12841597 -.00000247  00000-0  00000-0 0  9997
2 24653   8.0585  46.9923 0005866 194.6857 241.7900  1.00262684 79419
INMARSAT 3-F3           
1 24674U 96070A   18194.52443410  .00000020  00000-0  00000-0 0  9993
2 24674   4.1964  69.9027 0005105  42.3824 185.9544  1.00269769 78939
AMC-2 (GE-2)            
1 24713U 97002A   18194.51794010 -.00000227  00000-0  00000-0 0  9997
2 24713   5.0553  63.9693 0004525  44.5134 284.4563  1.00272317 78549
INTELSAT 26 (IS-26)     
1 24732U 97007A   18193.79731400 -.00000024  00000-0  00000+0 0  9990
2 24732   8.0403  47.3489 0003466  35.5056 200.5927  1.00270999 78235
GALAXY 25 (G-25)        
1 24812U 97026A   18194.44955047 -.00000175  00000-0  00000-0 0  9996
2 24812   0.3192  95.3269 0003496  20.1394 244.5597  1.00272167 77331
INTELSAT 5 (IS-5)       
1 24916U 97046A   18193.76527171  .00000080  00000-0  00000+0 0  9993
2 24916   4.3056  69.2060 0004012  22.1874 337.6897  1.00271642 76577
AMC-3 (GE-3)            
1 24936U 97050A   18194.52046995 -.00000273  00000-0  00000-0 0  9991
2 24936   1.2163  90.5682 0002316  19.7330 296.3911  1.00270032 23397
NSS-5                   
1 24957U 97053A   18194.18600765  .00000093  00000-0  00000+0 0  9998
2 24957   4.5889  67.3988 0002826  39.2903 301.7671  1.00272329 76192
ASTRA 1G                
1 25071U 97076A   18194.54498323  .00000093  00000-0  00000-0 0  9997
2 25071   3.1243  76.8635 0002610  29.9088  71.6728  1.00271302 75526
BRASILSAT B3            
1 25152U 98006A   18193.55315277 -.00000295  00000-0  00000-0 0  9992
2 25152   4.7541  66.3700 0002884  48.0209 311.8921  1.00274180 14479
INMARSAT 3-F5           
1 25153U 98006B   18194.45225150 -.00000302  00000-0  00000+0 0  9991
2 25153   3.3570  73.2086 0004337  45.6823 281.1685  1.00274793 74855
NSS-806                 
1 25239U 98014A   18194.45356003 -.00000291  00000-0  00000-0 0  9995
2 25239   0.0672  56.0461 0004296  52.4816 298.5463  1.00270417 18263
CHINASAT 5A (ZX 5A)     
1 25354U 98033A   18193.24218082 -.00000191  00000-0  00000+0 0  9992
2 25354   2.0741  84.9458 0001361 336.0365 313.9772  0.98996503 78185
THOR III                
1 25358U 98035A   18194.36123243 -.00000059  00000-0  00000+0 0  9999
2 25358   6.0814  56.9313 0001982  49.5933 310.3987  1.00271909 73677
INTELSAT 805 (IS-805)   
1 25371U 98037A   18194.56853691 -.00000045  00000-0  00000-0 0  9991
2 25371   0.8544  92.9801 0003043  26.7557 185.3061  1.00271413 73511
ASTRA 2A                
1 25462U 98050A   18194.55719625 -.00000355  00000-0  00000-0 0  9998
2 25462   0.0479 185.5341 0001382 240.9167 177.4526  1.00107983 17336
JCSAT-4A                
1 25630U 99006A   18194.60548787 -.00000217  00000-0  00000-0 0  9999
2 25630   3.1011  78.0812 0007846 349.9362 231.3814  1.00273873 21579
SKYNET 4E               
1 25639U 99009B   18194.31912958 -.00000045  00000-0  00000+0 0  9992
2 25639  10.4415  25.6947 0004124  77.0917 302.0444  1.00269481 70989
ASIASAT 3S              
1 25657U 99013A   18194.58055972 -.00000252  00000-0  00000-0 0  9991
2 25657   3.3067  76.4026 0002648   8.3797 201.6608  1.00269914 70782
NIMIQ 1                 
1 25740U 99027A   18194.51759117 -.00000211  00000-0  00000-0 0  9999
2 25740   0.0678 279.9007 0004045 177.6125 293.6347  1.00272317 70045
ASTRA 1H                
1 25785U 99033A   18194.52151678 -.00000291  00000-0  00000-0 0  9992
2 25785   4.5734  67.5408 0002368  42.4433 302.0113  1.00269707 22377
ABS-7                   
1 25894U 99046A   18194.55798137 -.00000375  00000-0  00000-0 0  9990
2 25894   0.0163  59.6797 0002208  45.5890 143.1275  1.00270825 68097
ABS-6                   
1 25924U 99053A   18193.75117712 -.00000129  00000-0  00000+0 0  9993
2 25924   0.0279 321.7228 0002600 142.1964 256.1022  1.00270989 68831
TELSTAR 12 (ORION 2)    
1 25949U 99059A   18194.49614338 -.00000076  00000-0  00000+0 0  9995
2 25949   1.7681  87.0860 0002732  29.0044 244.6265  1.00270517 68495
AMC-4 (GE-4)            
1 25954U 99060A   18194.56540392  .00000075  00000-0  00000+0 0  9997
2 25954   0.0759 279.8817 0002437 178.9687 261.1669  1.00272120 68451
GALAXY 11 (G-11)        
1 26038U 99071A   18194.60087535  .00000124  00000-0  00000-0 0  9999
2 26038   0.0812  97.0087 0000217 318.9733 136.6437  1.00269561 68056
SUPERBIRD-B2            
1 26095U 00012A   18194.81391984 -.00000225  00000-0  00000+0 0  9990
2 26095   1.2397  91.3466 0014248  69.0177  23.6673  0.98851766 67396
ASIASTAR                
1 26107U 00016A   18194.63311270 -.00000347  00000-0  00000-0 0  9994
2 26107   2.4876  80.7783 0003775  27.8003 155.7823  1.00268855 66895
EUTELSAT 80A            
1 26369U 00028A   18191.80429913 -.00000107  00000-0  00000+0 0  9990
2 26369   1.8331  84.8049 0004680  13.2897 107.3776  1.00270531 66412
TDRS 8                  
1 26388U 00034A   18194.09105640 -.00000241  00000-0  00000-0 0  9990
2 26388   8.1278  52.6684 0005830 301.3063  58.6416  1.00263918 66145
INTELSAT 9 (IS-9)       
1 26451U 00043A   18194.30504552 -.00000100  00000-0  00000-0 0  9994
2 26451   4.2938  69.4207 0004096  51.8244 267.4632  1.00360208 15104
BRASILSAT B4            
1 26469U 00046A   18193.67794912 -.00000181  00000-0  00000-0 0  9995
2 26469   2.4634  82.9227 0002163  27.0322 332.5679  1.00273798 65920
NILESAT 102             
1 26470U 00046B   18194.78400951 -.00000202  00000-0  00000+0 0  9990
2 26470   2.5025  81.8971 0004906  10.2877 290.9875  0.98043909 65602
ASTRA 2B                
1 26494U 00054A   18194.82587115  .00000103  00000-0  00000+0 0  9997
2 26494   3.0170  77.5102 0004488  47.4699 123.3427  1.00271823 65202
AMC-7 (GE-7)            
1 26495U 00054B   18193.56830151  .00000079  00000-0  00000+0 0  9991
2 26495   0.0242  59.6759 0000680 108.1115 192.2071  1.00270891 65212
NSS-11 (AAP-1)          
1 26554U 00059A   18194.56993267  .00000012  00000-0  00000-0 0  9999
2 26554   0.0355 301.0587 0002076 177.6217 193.8940  1.00271111 12266
N-SAT-110 (JCSAT-110)   
1 26559U 00060A   18194.63471860 -.00000364  00000-0  00000-0 0  9995
2 26559   0.0237  83.3441 0001071  15.9929 170.6623  1.00268858 12240
AMC-6 (GE-6)            
1 26580U 00067A   18194.51828906 -.00000228  00000-0  00000-0 0  9999
2 26580   0.0105  40.0017 0002255  82.8138 272.0888  1.00269563 64934
INTELSAT 12 (IS-12)     
1 26590U 00068A   18194.54384917  .00000123  00000-0  00000-0 0  9996
2 26590   1.3260  90.4962 0005740 346.7988  94.8382  1.00268999 22683
INTELSAT 1R (IS-1R)     
1 26608U 00072A   18194.62024178 -.00000151  00000-0  00000-0 0  9992
2 26608   1.1398  92.2721 0001616 344.5427 235.0063  1.00271671 12289
ANIK F1                 
1 26624U 00076A   18194.48892302 -.00000086  00000-0  00000-0 0  9997
2 26624   0.0166 118.0116 0002783  15.1947 226.8068  1.00270909 14117
ASTRA 2D                
1 26638U 00081A   18193.35506086  .00000027  00000-0  00000-0 0  9998
2 26638   4.4022  68.2690 0000861   6.5101 353.3513  1.00111408 23866
AMC-8 (GE-8)            
1 26639U 00081B   18194.72242101  .00000091  00000-0  00000+0 0  9996
2 26639   0.0365  68.5090 0001117  90.1658 253.9249  1.00275376 64240
SKYNET 4F               
1 26695U 01005B   18194.38446924 -.00000264  00000-0  00000+0 0  9999
2 26695   9.3166  33.9798 0002729  65.7595 295.7920  1.00275737 63848
EUTELSAT 33C            
1 26719U 01011A   18194.50143899 -.00000265  00000-0  00000-0 0  9994
2 26719   0.3786  87.9254 0001274  63.6472 256.8063  0.99883174 63501
INTELSAT 10 (IS-10)     
1 26766U 01019A   18194.54437258  .00000111  00000-0  00000-0 0  9992
2 26766   2.3427  83.2834 0003774 351.6288  99.9250  1.00269567 16602
INTELSAT 901 (IS-901)   
1 26824U 01024A   18194.45713671 -.00000226  00000-0  00000-0 0  9997
2 26824   0.2999  94.4780 0002518  21.0156 310.8432  1.00271723 62648
ASTRA 2C                
1 26853U 01025A   18194.53957462  .00000123  00000-0  00000-0 0  9992
2 26853   1.2396  90.2511 0002252  19.9666  39.0574  1.00270994 16022
INTELSAT 902 (IS-902)   
1 26900U 01039A   18194.64014994  .00000020  00000-0  00000-0 0  9992
2 26900   0.0352  78.8486 0003180  51.1227  93.9177  1.00272065 61680
EUTELSAT 12 WEST B      
1 26927U 01042A   18194.81950293 -.00000114  00000-0  00000+0 0  9999
2 26927   0.0737 330.5085 0005696 132.5525 111.0934  1.00271720 61497
DIRECTV 4S              
1 26985U 01052A   18194.58642028 -.00000126  00000-0  00000+0 0  9995
2 26985   0.0186  48.7191 0002436  47.7983 304.8129  1.00268385 60961
ECHOSTAR 7              
1 27378U 02006A   18194.65472595 -.00000013  00000-0  00000+0 0  9995
2 27378   0.0102  41.7695 0001486 104.8301 261.7446  1.00271854 60037
INTELSAT 904 (IS-904)   
1 27380U 02007A   18194.06676077  .00000125  00000-0  00000-0 0  9999
2 27380   0.0135 101.0190 0002374   8.1729 250.8250  1.00270170 22730
TDRS 9                  
1 27389U 02011A   18194.30504552 -.00000116  00000-0  00000-0 0  9999
2 27389   6.0470  74.5755 0017262 264.6587  49.6891  1.00272134 61405
JCSAT 2A                
1 27399U 02015A   18194.54350684 -.00000268  00000-0  00000-0 0  9993
2 27399   1.3186  90.3360 0005909 178.1837 311.5268  1.00268653 59865
ASTRA 3A                
1 27400U 02015B   18193.50970166 -.00000293  00000-0  00000-0 0  9992
2 27400   4.5554  66.9738 0002501  46.4127 313.4848  1.00272457 59686
INTELSAT 903 (IS-903)   
1 27403U 02016A   18194.45678778 -.00000237  00000-0  00000-0 0  9993
2 27403   0.6851  94.1475 0002613  13.4613 316.6105  1.00271574 16633
NSS-7                   
1 27414U 02019A   18193.47320821 -.00000167  00000-0  00000-0 0  9994
2 27414   2.7082  81.0127 0002546  26.6579 332.9941  1.00272074 59525
DIRECTV 5 (TEMPO 1)     
1 27426U 02023A   18194.49675054 -.00000068  00000-0  00000-0 0  9996
2 27426   0.0199  39.4914 0003091  79.5775 240.9620  1.00269873 59299
INTELSAT 905 (IS-905)   
1 27438U 02027A   18194.81714757 -.00000198  00000-0  00000+0 0  9996
2 27438   0.0140 283.7228 0002343 163.7692 113.8178  1.00271162 58933
EXPRESS-A4              
1 27441U 02029A   18194.49203105 -.00000261  00000-0  00000-0 0  9998
2 27441   6.7050  54.1386 0010241  82.8817 116.8568  1.00275680 58936
GALAXY 3C (G-3C)        
1 27445U 02030A   18194.45488911 -.00000163  00000-0  00000+0 0  9990
2 27445   0.0200 324.5559 0002000   4.2754  31.1466  1.00270535 58921
EUTELSAT 5 WEST A       
1 27460U 02035A   18194.20568707 -.00000054  00000-0  00000-0 0  9997
2 27460   0.0369  24.3484 0005239  81.7090 253.9913  1.00271317 58588
N-STAR C                
1 27461U 02035B   18194.56199421 -.00000327  00000-0  00000-0 0  9993
2 27461   5.3479  62.6836 0004697  16.4249 190.6053  1.00270214 58692
EUTELSAT 36 WEST A      
1 27508U 02040A   18194.02728067  .00000044  00000-0  00000-0 0  9991
2 27508   0.1145  64.9131 0002316  74.1800 220.9158  1.00268365 58169
METEOSAT-8 (MSG-1)      
1 27509U 02040B   18193.23699592  .00000129  00000-0  00000+0 0  9997
2 27509   5.5079  56.8916 0000680 229.5319 130.4076  1.00265097 58207
INTELSAT 906 (IS-906)   
1 27513U 02041A   18194.83476920  .00000001  00000-0  00000+0 0  9997
2 27513   0.0228 253.8469 0002918 228.6012 173.8657  1.00272127 57933
KALPANA-1 (METSAT 1)    
1 27525U 02043A   18190.14304142 -.00000091  00000-0  00000+0 0  9998
2 27525   6.9762  52.8402 0011092 248.3310 111.5154  1.00276312 57965
HISPASAT 1D             
1 27528U 02044A   18194.81601350 -.00000230  00000-0  00000+0 0  9996
2 27528   0.0527 303.5305 0002621 157.7861  94.0619  1.00272111 57911
TDRS 10                 
1 27566U 02055A   18193.83417694  .00000065  00000-0  00000+0 0  9992
2 27566   5.6996  56.7259 0005858 266.6245  93.2682  1.00267667 57180
NSS-6                   
1 27603U 02057A   18194.84096295 -.00000282  00000-0  00000+0 0  9990
2 27603   0.0214  47.5394 0001050 122.3108 159.5439  1.00266393 57066
NIMIQ 2                 
1 27632U 02062A   18193.49326950 -.00000218  00000-0  00000-0 0  9992
2 27632   2.8129  80.2712 0002177 315.0966  44.5457  1.00269792 15169
INTELSAT 907 (IS-907)   
1 27683U 03007A   18194.26784531 -.00000214  00000-0  00000+0 0  9992
2 27683   0.0140 108.3231 0002269   0.1832 251.5089  1.00271319 56357
GALAXY 12 (G-12)        
1 27715U 03013B   18194.54454573  .00000046  00000-0  00000+0 0  9998
2 27715   0.0496 276.5365 0001606 224.4581 217.4020  1.00270424 55978
ASIASAT 4               
1 27718U 03014A   18194.67955287  .00000140  00000-0  00000+0 0  9999
2 27718   0.0122  67.2926 0000759 112.2009  34.8399  1.00272821 55885
HELLAS-SAT 2            
1 27811U 03020A   18194.67955281  .00000139  00000-0  00000+0 0  9992
2 27811   0.3045 106.1580 0004652  77.9739  31.0127  1.00267278 55303
THURAYA-2               
1 27825U 03026A   18194.60357012  .00000115  00000-0  00000-0 0  9999
2 27825   5.2591  30.6057 0004851  77.0795  85.0080  1.00272513 55318
OPTUS C1                
1 27831U 03028B   18194.62036181 -.00000160  00000-0  00000-0 0  9992
2 27831   0.0499 162.2913 0003608 324.5989 183.8795  1.00271882 24024
ECHOSTAR 12 (RAINBOW 1) 
1 27852U 03033A   18194.58938628 -.00000212  00000-0  00000+0 0  9990
2 27852   0.0299 301.9645 0001200 149.8461 325.3649  1.00269458 54927
GALAXY 23 (G-23)        
1 27854U 03034A   18194.72608490 -.00000000  00000-0  00000+0 0  9995
2 27854   0.0109  62.7703 0003019  51.2976 317.8621  1.00271545 59519
GALAXY 13 (HORIZONS-1)  
1 27954U 03044A   18194.65306847  .00000035  00000-0  00000+0 0  9997
2 27954   0.0062  45.7249 0001242  11.1905 342.6248  1.00271240 54122
YAMAL 202               
1 28089U 03053A   18194.87784584  .00000106  00000-0  00000+0 0  9998
2 28089   0.0358  86.3755 0002821 359.8346 210.4798  1.00271440 53648
EXPRESS-AM22 (SESAT 2)  
1 28134U 03060A   18194.55082803 -.00000151  00000-0  00000-0 0  9999
2 28134   1.2864  89.9406 0000279 191.1015 288.7262  1.00271034 53240
AMC-10 (GE-10)          
1 28154U 04003A   18194.50790799  .00000076  00000-0  00000-0 0  9999
2 28154   0.0389 288.3749 0002379 171.1529 239.6406  1.00270840 52863
ABS-4 (MOBISAT-1)       
1 28184U 04007A   18194.69057990  .00000028  00000-0  00000+0 0  9991
2 28184   0.0267  70.7794 0002188  61.4375 108.8784  1.00270107 52549
EUTELSAT 7A             
1 28187U 04008A   18194.53625965  .00000035  00000-0  00000-0 0  9990
2 28187   0.0656  28.9738 0004552 100.2872   2.1099  1.00271451 52333
DIRECTV 7S              
1 28238U 04016A   18194.56393590 -.00000011  00000-0  00000+0 0  9999
2 28238   0.0104  45.7945 0002652  66.7925 262.7356  1.00271341 52034
AMC-11 (GE-11)          
1 28252U 04017A   18194.54362017  .00000057  00000-0  00000-0 0  9994
2 28252   0.0355 311.9969 0002314 160.1026 243.9634  1.00272725 51898
INTELSAT 10-02          
1 28358U 04022A   18194.39109917 -.00000023  00000-0  00000+0 0  9991
2 28358   0.0135 103.5309 0000263 206.9926 120.4902  1.00272285 51598
APSTAR 5 (TELSTAR 18)   
1 28364U 04024A   18194.70593340 -.00000308  00000-0  00000+0 0  9998
2 28364   0.0030 349.0749 0002403 127.1047 207.4497  1.00269188 51515
ANIK F2                 
1 28378U 04027A   18194.56137240 -.00000062  00000-0  00000-0 0  9991
2 28378   0.0137  55.1553 0000268 242.4448  84.7859  1.00272242 12250
AMC-15                  
1 28446U 04041A   18194.65751750 -.00000103  00000-0  00000+0 0  9996
2 28446   0.0235 337.6079 0002355 137.3353 308.1901  1.00276738 50349
AMC-16                  
1 28472U 04048A   18194.51785288 -.00000218  00000-0  00000-0 0  9998
2 28472   0.0445 295.9454 0002199 163.8195 292.9932  1.00267256 49705
NSS-10 (AMC-12)         
1 28526U 05003A   18194.45539199 -.00000263  00000-0  00000-0 0  9991
2 28526   0.0423 292.4422 0002592 192.6446 292.6790  1.00270751 24126
XTAR-EUR                
1 28542U 05005A   18194.11132447  .00000140  00000-0  00000-0 0  9992
2 28542   0.0237  37.0751 0001706  54.8334 268.1110  1.00271938 49158
XM-3 (RHYTHM)           
1 28626U 05008A   18194.58938628 -.00000217  00000-0  00000+0 0  9999
2 28626   0.0175 229.0877 0000562 119.1848  70.2031  1.00264854 49038
INMARSAT 4-F1           
1 28628U 05009A   18193.84298069 -.00000272  00000-0  00000-0 0  9990
2 28628   2.9251  17.4836 0002520  95.5535 264.6095  1.00271738 48639
APSTAR 6                
1 28638U 05012A   18193.17176082 -.00000327  00000-0  00000+0 0  9991
2 28638   0.0957  94.8918 0002397  33.8314 356.8886  1.00266321 73366
SPACEWAY 1              
1 28644U 05015A   18194.60608134 -.00000115  00000-0  00000+0 0  9993
2 28644   0.0110 201.8224 0000288 289.4014 275.4858  1.00272932 48482
DIRECTV 8               
1 28659U 05019A   18194.47107440 -.00000128  00000-0  00000+0 0  9996
2 28659   0.0207  81.0632 0002662  29.1331 249.8223  1.00271620 48153
GALAXY 28 (G-28)        
1 28702U 05022A   18194.38196448 -.00000197  00000-0  00000-0 0  9992
2 28702   0.0182  19.2437 0000549 207.5532 112.9168  1.00269120 23082
EXPRESS-AM3             
1 28707U 05023A   18193.79926135 -.00000332  00000-0  00000-0 0  9997
2 28707   0.2333  94.1830 0001045 336.2314 250.9408  1.00269305 47795
THAICOM 4               
1 28786U 05028A   18194.72878247 -.00000376  00000-0  00000+0 0  9990
2 28786   0.0145  30.3045 0002141  79.4741 203.6015  1.00277421 47291
GALAXY 14 (G-14)        
1 28790U 05030A   18194.54776289  .00000024  00000-0  00000+0 0  9990
2 28790   0.0141  32.8574 0002123  76.9116 253.7880  1.00270536 47278
ANIK F1R                
1 28868U 05036A   18194.55727990 -.00000087  00000-0  00000+0 0  9998
2 28868   0.0196  52.9529 0002321  23.0635 308.6633  1.00270649 47121
GALAXY 15 (G-15)        
1 28884U 05041A   18194.48863703  .00000066  00000-0  00000+0 0  9993
2 28884   0.0258 299.8852 0002016 167.8657 226.4596  1.00271670 46580
SYRACUSE 3A             
1 28885U 05041B   18194.54419810  .00000116  00000-0  00000-0 0  9994
2 28885   0.0384  80.8793 0003478  38.9706  54.3705  1.00272149 46716
INMARSAT 4-F2           
1 28899U 05044A   18194.06855556 -.00000001  00000-0  00000+0 0  9993
2 28899   2.6848  19.2709 0003264 102.8718 257.3067  1.00272290 46469
TELKOM 2                
1 28902U 05046A   18194.62036069 -.00000151  00000-0  00000-0 0  9999
2 28902   0.0068 333.5187 0001320 176.5499 161.6820  1.00271746 46400
SPACEWAY 2              
1 28903U 05046B   18194.62562125 -.00000139  00000-0  00000+0 0  9992
2 28903   0.0091 165.8075 0000092 254.0966 357.6892  1.00271745 46466
INSAT-4A                
1 28911U 05049A   18193.96159601 -.00000176  00000-0  00000-0 0  9993
2 28911   0.0784 277.1855 0001473 313.1588 129.6342  1.00272178 16687
METEOSAT-9 (MSG-2)      
1 28912U 05049B   18194.30486707  .00000008  00000-0  00000+0 0  9995
2 28912   2.9736  71.7078 0000273 174.0264 158.7630  1.00278359 46035
EUTELSAT 172A (GE-23)   
1 28924U 05052A   18194.56958374 -.00000003  00000-0  00000-0 0  9991
2 28924   0.0624   9.0356 0005469 102.6639 198.7290  1.00270376 23303
ECHOSTAR 10             
1 28935U 06003A   18194.56240604 -.00000068  00000-0  00000-0 0  9991
2 28935   0.0243 126.5626 0001239 315.1342 301.9256  1.00271420 45440
HIMAWARI-7 (MTSAT-2)    
1 28937U 06004A   18194.62372087 -.00000256  00000-0  00000-0 0  9991
2 28937   0.0338 277.0682 0003808 194.5892 189.3438  1.00270129 45449
SPAINSAT                
1 28945U 06007A   18194.27472521 -.00000227  00000-0  00000-0 0  9996
2 28945   0.0565 238.1500 0003065 248.5031 233.3657  1.00271596 45180
EUTELSAT HOT BIRD 13E   
1 28946U 06007B   18194.15570733  .00000076  00000-0  00000-0 0  9999
2 28946   0.0349 137.4378 0005651 359.1026 223.4953  1.00271184 45262
JCSAT-5A                
1 29045U 06010A   18194.56120910 -.00000341  00000-0  00000-0 0  9993
2 29045   0.0179  95.0094 0001642 358.6522 171.7927  1.00272831 44725
ASTRA 1KR               
1 29055U 06012A   18194.74990889  .00000106  00000-0  00000+0 0  9993
2 29055   0.0764 268.7713 0002293 265.1294  46.8521  1.00264356 44718
GOES 13                 
1 29155U 06018A   18194.35707990 -.00000296  00000-0  00000+0 0  9997
2 29155   0.1061 262.1855 0007286 154.4309 303.4435  1.00271105 44489
EUTELSAT 113 WEST A     
1 29162U 06020A   18194.50465927 -.00000050  00000-0  00000+0 0  9994
2 29162   0.0101 117.1476 0003136 358.3111 244.5738  1.00270781 44430
THAICOM 5               
1 29163U 06020B   18194.55047910 -.00000134  00000-0  00000-0 0  9992
2 29163   0.0404 260.5105 0002593 239.7581  67.7729  1.00272306 44461
GALAXY 16 (G-16)        
1 29236U 06023A   18194.62562868 -.00000139  00000-0  00000-0 0  9993
2 29236   0.0156 345.9971 0002946 141.9674 289.6942  1.00271530 44194
EUTELSAT HOT BIRD 13B   
1 29270U 06032A   18194.53748095  .00000074  00000-0  00000-0 0  9996
2 29270   0.0585  14.2363 0003256  69.1737  54.4359  1.00269222 18292
JCSAT-3A                
1 29272U 06033A   18194.05742201 -.00000355  00000-0  00000+0 0  9991
2 29272   0.0214 299.1346 0001322 211.2762 289.1618  1.00276214 43728
SYRACUSE 3B             
1 29273U 06033B   18194.31843168 -.00000056  00000-0  00000-0 0  9994
2 29273   0.0191  77.0860 0004014  23.4566 300.0133  1.00271156 43672
KOREASAT 5 (MUGUNGWHA 5)
1 29349U 06034A   18194.70096097 -.00000371  00000-0  00000+0 0  9992
2 29349   0.0203  80.3031 0001786  74.2649 142.3304  1.00268457 43606
DIRECTV 9S              
1 29494U 06043A   18194.51471238 -.00000126  00000-0  00000-0 0  9995
2 29494   0.0030   6.3244 0002970 108.0681 261.1366  1.00271267 22368
OPTUS D1                
1 29495U 06043B   18194.62198385 -.00000124  00000-0  00000-0 0  9995
2 29495   0.0448 263.6283 0003208 209.0997 202.6097  1.00271615 43080
XM-4 (BLUES)            
1 29520U 06049A   18194.65542384 -.00000036  00000-0  00000+0 0  9996
2 29520   0.0522 226.2316 0000080 289.9401 256.0048  1.00270080 42966
BADR-4                  
1 29526U 06051A   18194.82717969  .00000131  00000-0  00000+0 0  9992
2 29526   0.0541 331.4004 0001956  87.2578 196.7697  1.00268451 42850
FENGYUN 2D              
1 29640U 06053A   18194.76900601 -.00000377  00000-0  10000-3 0  9999
2 29640   5.1618  62.5022 0005295 285.3870 344.0852  1.00280763 42521
WILDBLUE-1              
1 29643U 06054A   18194.56136980 -.00000061  00000-0  00000+0 0  9997
2 29643   0.0482 236.9597 0001429 236.9490 268.3842  1.00270084 42517
AMC-18                  
1 29644U 06054B   18194.63089253  .00000092  00000-0  00000-0 0  9990
2 29644   0.0585 277.9983 0002445 177.9204 283.6427  1.00270768 42554
MEASAT-3                
1 29648U 06056A   18194.55309616 -.00000254  00000-0  00000-0 0  9996
2 29648   0.0402 156.7280 0003908 342.7235  82.5078  1.00268774 21437
INSAT-4B                
1 30793U 07007A   18194.61424698 -.00000367  00000-0  00000-0 0  9996
2 30793   0.0353 109.2086 0002951 350.7882 163.8690  1.00270770 13170
SKYNET 5A               
1 30794U 07007B   18194.55388128 -.00000284  00000-0  00000-0 0  9995
2 30794   0.0644   5.7754 0003969 116.5785 103.5912  1.00272199 41666
ANIK F3                 
1 31102U 07009A   18194.56381612 -.00000013  00000-0  00000-0 0  9993
2 31102   0.0319  88.7256 0001797  10.9357 275.9573  1.00270158 17524
ASTRA 1L                
1 31306U 07016A   18194.82587115  .00000106  00000-0  00000+0 0  9993
2 31306   0.0858 294.4359 0000228 104.0397 209.6882  1.00274717 41007
GALAXY 17 (G-17)        
1 31307U 07016B   18194.51671881 -.00000187  00000-0  00000-0 0  9995
2 31307   0.0235  15.3512 0003075  99.2478 271.7532  1.00271768 40910
ZHONGXING-6B            
1 31800U 07031A   18194.55789413 -.00000375  00000-0  00000-0 0  9994
2 31800   0.0179  43.1722 0002434  69.0240 135.5288  1.00271223 40402
DIRECTV 10              
1 31862U 07032A   18194.47653704 -.00000115  00000-0  00000+0 0  9998
2 31862   0.0141 285.6543 0000543 306.2948 128.0460  1.00269639 40376
SPACEWAY 3              
1 32018U 07036A   18194.51593368 -.00000164  00000-0  00000-0 0  9995
2 32018   0.0135 201.3658 0000221 288.2789 252.4670  1.00273267 17540
BSAT-3A                 
1 32019U 07036B   18193.88726798 -.00000360  00000-0  00000+0 0  9997
2 32019   0.0733 241.5098 0002449 300.5982 177.8827  1.00270859 40023
INSAT-4CR               
1 32050U 07037A   18194.60532022  .00000112  00000-0  00000-0 0  9994
2 32050   0.0599 102.5001 0000587   9.4905  85.1619  1.00269360 22350
OPTUS D2                
1 32252U 07044A   18194.85230362 -.00000197  00000-0  00000+0 0  9998
2 32252   0.0429 264.7225 0003318 209.0663 276.7127  1.00269728 39414
INTELSAT 11 (IS-11)     
1 32253U 07044B   18194.81348366 -.00000282  00000-0  00000+0 0  9994
2 32253   0.0348 225.8493 0001211 245.2377  70.4044  1.00271931 39498
STAR ONE C1             
1 32293U 07056A   18194.37175423 -.00000289  00000-0  00000+0 0  9991
2 32293   0.0166  52.0312 0002277  61.9689 246.0140  1.00270333 39079
SKYNET 5B               
1 32294U 07056B   18194.71099270  .00000129  00000-0  00000+0 0  9997
2 32294   0.0708 358.6850 0004006 116.1982  97.7005  1.00272884 39158
ASTRA 4A (SIRIUS 4)     
1 32299U 07057A   18194.82299236  .00000018  00000-0  00000+0 0  9996
2 32299   0.0102   9.1560 0002498  94.2930 129.2636  1.00270487 38921
HORIZONS-2              
1 32388U 07063B   18194.83895653 -.00000196  00000-0  00000+0 0  9996
2 32388   0.0115  60.5038 0002741  51.0547 206.9610  1.00272447 38845
THURAYA-3               
1 32404U 08001A   18194.54402399 -.00000310  00000-0  00000-0 0  9996
2 32404   3.8982 358.4985 0004466 108.3881 118.8368  1.00271655 38481
EXPRESS-AM33            
1 32478U 08003A   18192.62876527 -.00000286  00000-0  00000-0 0  9996
2 32478   0.0460 223.8794 0000325  42.7207 345.7219  1.00269496 38552
THOR 5                  
1 32487U 08006A   18194.31930404 -.00000021  00000-0  00000-0 0  9999
2 32487   0.0580 245.4842 0002048 224.9002 294.9470  1.00271716 38260
KIZUNA (WINDS)          
1 32500U 08007A   18194.85055891 -.00000274  00000-0  00000+0 0  9992
2 32500   1.6702  88.0566 0002345  12.9108 279.8963  1.00272650 38004
AMC-14                  
1 32708U 08011A   18194.82543497  .00000068  00000-0  00000+0 0  9998
2 32708  19.8052  57.0942 0041177   4.5944 185.0614  1.00271606 39066
DIRECTV 11              
1 32729U 08013A   18194.62561972 -.00000137  00000-0  00000+0 0  9997
2 32729   0.0013 152.3960 0000677 189.2736  75.8020  1.00259446 37903
ICO G1                  
1 32763U 08016A   18194.51628263 -.00000183  00000-0  00000-0 0  9995
2 32763   3.6998   0.4618 0002623 113.9260 269.9565  1.00271656 37552
VINASAT-1               
1 32767U 08018A   18193.82613263 -.00000338  00000-0  00000-0 0  9990
2 32767   0.0164 342.2526 0001292 134.5737 243.1791  1.00272058 37581
STAR ONE C2             
1 32768U 08018B   18194.38558422 -.00000277  00000-0  00000+0 0  9999
2 32768   0.0038   1.3208 0002402 143.1902 215.5050  1.00271570 37518
TIANLIAN 1-01           
1 32779U 08019A   18194.55074080 -.00000153  00000-0  10000-3 0  9992
2 32779   2.8301  74.3043 0031810 239.1835 256.1289  1.00273816 37437
AMOS-3                  
1 32794U 08022A   18194.31860616 -.00000047  00000-0  00000-0 0  9993
2 32794   0.0369 222.8336 0000857 269.4767 269.3843  1.00270485 53349
GALAXY 18 (G-18)        
1 32951U 08024A   18194.53243033  .00000013  00000-0  00000-0 0  9994
2 32951   0.0186  30.5220 0002795  86.2929 243.2137  1.00269864 16867
CHINASAT 9 (ZX 9)       
1 33051U 08028A   18194.84043954 -.00000261  00000-0  00000+0 0  9999
2 33051   0.0149  52.3953 0004364  69.0804 204.9275  1.00269437 36975
SKYNET 5C               
1 33055U 08030A   18194.81845611 -.00000153  00000-0  00000+0 0  9993
2 33055   0.0607  17.9693 0003734 103.6594  86.8303  1.00271204 36869
TURKSAT 3A              
1 33056U 08030B   18194.83040741  .00000132  00000-0  00000+0 0  9993
2 33056   0.0484  83.3529 0005147  22.9800 166.2273  1.00271461 37046
INTELSAT 25 (IS-25)     
1 33153U 08034A   18194.27887200 -.00000236  00000-0  00000+0 0  9998
2 33153   0.0110  29.1959 0000251 109.2212 221.5849  1.00270701 36603
BADR-6                  
1 33154U 08034B   18194.54001080  .00000132  00000-0  00000-0 0  9998
2 33154   0.0617  49.5931 0004579  50.5851  51.5596  1.00271611 36720
ECHOSTAR 11             
1 33207U 08035A   18194.49638967 -.00000069  00000-0  00000-0 0  9992
2 33207   0.0185  19.7890 0002507  78.6012 261.6382  1.00269546 22211
SUPERBIRD-C2            
1 33274U 08038A   18194.56356446 -.00000265  00000-0  00000-0 0  9994
2 33274   0.0167  41.3328 0001353  69.1653 167.7008  1.00269500 76698
AMC-21                  
1 33275U 08038B   18194.54776206  .00000024  00000-0  00000-0 0  9995
2 33275   0.0421 301.4187 0001920 170.3527 251.8740  1.00272231 36431
INMARSAT 4-F3           
1 33278U 08039A   18194.43784576 -.00000152  00000-0  00000+0 0  9998
2 33278   3.0219   5.4245 0002845 111.2086 234.2612  1.00272135 36222
NIMIQ 4                 
1 33373U 08044A   18194.80563243 -.00000234  00000-0  00000+0 0  9998
2 33373   0.0030   7.3062 0002243 110.2581  22.0977  1.00273541 35807
GALAXY 19 (G-19)        
1 33376U 08045A   18194.46040305 -.00000151  00000-0  00000+0 0  9991
2 33376   0.0113  78.7040 0002857  43.2727 238.0410  1.00270669 35807
VENESAT-1               
1 33414U 08055A   18194.80641756 -.00000251  00000-0  00000+0 0  9991
2 33414   0.0493 222.6751 0002149 283.1044 358.1658  1.00271329 35522
ASTRA 1M                
1 33436U 08057A   18194.53870226  .00000107  00000-0  00000-0 0  9993
2 33436   0.0125  91.4594 0004994  33.8693  19.1365  1.00271191 16700
CIEL-2                  
1 33453U 08063A   18194.72451465  .00000045  00000-0  00000+0 0  9990
2 33453   0.0303 287.4896 0002756 173.9209 322.0878  1.00272142 35110
EUTELSAT HOT BIRD 13C   
1 33459U 08065A   18194.15581112  .00000075  00000-0  00000-0 0  9992
2 33459   0.0617  61.7034 0005713  44.6576 253.6930  1.00270075 18312
EUTELSAT 48D            
1 33460U 08065B   18194.60533031  .00000111  00000-0  00000-0 0  9992
2 33460   0.0645  53.2003 0001804  74.3629  69.8090  1.00272450 34987
FENGYUN 2E              
1 33463U 08066A   18194.83921824 -.00000210  00000-0  00000+0 0  9992
2 33463   2.9290  68.9900 0003958 223.6865  27.1863  1.00261021 35055
EXPRESS-AM44            
1 33595U 09007A   18194.53936468 -.00000101  00000-0  00000+0 0  9990
2 33595   0.0391 216.2188 0000487 330.3065 288.0154  1.00272147 34523
NSS-9                   
1 33749U 09008A   18194.58320203  .00000058  00000-0  00000-0 0  9992
2 33749   0.0291 327.1959 0001559 149.5830 207.6457  1.00269612 34483
EUTELSAT 33E            
1 33750U 09008B   18194.82857546  .00000142  00000-0  00000+0 0  9999
2 33750   0.0265 351.4650 0004282 154.0423 117.5058  1.00269110 34567
TELSTAR 11N             
1 34111U 09009A   18194.81453049 -.00000265  00000-0  00000+0 0  9998
2 34111   0.0040 111.8608 0002211 348.3650  87.0855  1.00270453 34389
EUTELSAT 10A            
1 34710U 09016A   18194.53687031  .00000055  00000-0  00000-0 0  9997
2 34710   0.0624   8.3796 0005345 108.3424  17.9028  1.00270183 12227
SES-7 (PROTOSTAR 2)     
1 34941U 09027A   18194.73778259 -.00000360  00000-0  00000+0 0  9999
2 34941   0.0094  52.9586 0000654 100.8694 151.5763  1.00285499 33589
MEASAT-3A               
1 35362U 09032A   18193.93813594 -.00000252  00000-0  00000+0 0  9996
2 35362   0.0189 244.8586 0001512 281.6042 193.5413  1.00270228 33192
GOES 14                 
1 35491U 09033A   18194.48070025 -.00000105  00000-0  00000+0 0  9992
2 35491   0.3136 102.5968 0006862 118.2833 139.0578  1.00270048 33120
SIRIUS FM-5             
1 35493U 09034A   18194.80484733 -.00000214  00000-0  00000+0 0  9997
2 35493   0.0079  60.5567 0000503 296.8861 137.7687  1.00270983 32946
TERRESTAR-1             
1 35496U 09035A   18194.48337786 -.00000065  00000-0  00000+0 0  9994
2 35496   2.6298 353.9588 0002943 123.6876 236.6729  1.00271626 33127
ASIASAT 5               
1 35696U 09042A   18192.57235113 -.00000312  00000-0  00000+0 0  9998
2 35696   0.0092 295.8458 0001472 151.1499 148.9723  1.00269672 32616
JCSAT-RA (JCSAT-12)     
1 35755U 09044A   18193.83720142 -.00000355  00000-0  00000+0 0  9994
2 35755   0.0236  10.7129 0000936 136.2542 213.0308  1.00270755 32626
OPTUS D3                
1 35756U 09044B   18194.62024182 -.00000160  00000-0  00000-0 0  9999
2 35756   0.0277   1.2184 0002883  92.3854 217.1280  1.00271876 32538
PALAPA D                
1 35812U 09046A   18193.87874288 -.00000368  00000-0  00000-0 0  9990
2 35812   0.0269  82.3979 0001870  46.4481 231.1626  1.00272216 32646
NIMIQ 5                 
1 35873U 09050A   18194.80755163 -.00000271  00000-0  00000+0 0  9998
2 35873   0.0347 281.7623 0002113 197.7350  30.1450  1.00271455 32328
AMAZONAS 2              
1 35942U 09054A   18194.73803622 -.00000296  00000-0  00000+0 0  9992
2 35942   0.0320 152.8946 0004986 330.9502  12.3807  1.00273686 32148
COMSATBW-1              
1 35943U 09054B   18194.54438939  .00000012  00000-0  00000-0 0  9993
2 35943   0.0435  97.1263 0001880   6.3176  86.9027  1.00270664 32278
NSS-12                  
1 36032U 09058A   18194.03377727  .00000061  00000-0  00000+0 0  9991
2 36032   0.0150  39.0293 0002439  70.2525 250.7359  1.00271893 31890
THOR 6                  
1 36033U 09058B   18194.31930404 -.00000022  00000-0  00000+0 0  9998
2 36033   0.0182  82.3858 0001634  50.1625 272.6926  1.00270275 31939
INTELSAT 14 (IS-14)     
1 36097U 09064A   18194.31628868 -.00000285  00000-0  00000+0 0  9994
2 36097   0.0104  79.6587 0002173  34.0639 246.2906  1.00272334 31670
EUTELSAT 36B            
1 36101U 09065A   18194.68560745  .00000142  00000-0  00000+0 0  9991
2 36101   0.0626   8.7481 0003977 109.6108  95.8734  1.00267811 31776
INTELSAT 15 (IS-15)     
1 36106U 09067A   18194.83895653 -.00000199  00000-0  00000+0 0  9997
2 36106   0.0178  26.7724 0002016  81.6710 210.3744  1.00271832 31564
DIRECTV 12              
1 36131U 09075A   18194.65795368 -.00000115  00000-0  00000+0 0  9994
2 36131   0.0112 198.8930 0000405 112.9727 113.6743  1.00265850 31350
BEIDOU 3                
1 36287U 10001A   18194.49098422 -.00000296  00000-0  00000+0 0  9996
2 36287   1.4742   3.9518 0004240 156.9360  87.2586  1.00270785 31136
RADUGA-1M 2             
1 36358U 10002A   18194.83895653 -.00000197  00000-0  00000+0 0  9995
2 36358   0.0164 296.0770 0002395 190.6198 191.9747  1.00271183 30972
SDO                     
1 36395U 10005A   18193.36388101 -.00000083  00000-0  00000+0 0  9995
2 36395  29.2441 133.4993 0001812  33.8743 151.8607  1.00269451 30988
INTELSAT 16 (IS-16)     
1 36397U 10006A   18194.80685375 -.00000258  00000-0  00000+0 0  9995
2 36397   0.0107  65.8068 0001757  46.2391  33.8404  1.00271895 30701
GOES 15                 
1 36411U 10008A   18194.56681571  .00000078  00000-0  00000-0 0  9991
2 36411   0.2877 102.2672 0001275 102.4107 155.3051  1.00267671 30644
ECHOSTAR 14             
1 36499U 10010A   18194.22395524 -.00000011  00000-0  00000+0 0  9990
2 36499   0.0234  46.8164 0002868  60.2242 145.7366  1.00271376 30496
SES-1                   
1 36516U 10016A   18194.51471238 -.00000127  00000-0  00000-0 0  9994
2 36516   0.0292 312.9785 0001744 142.6952 279.9533  1.00271565 30015
ASTRA 3B                
1 36581U 10021A   18194.32418925  .00000125  00000-0  00000-0 0  9992
2 36581   0.0490 317.6647 0003119 158.3775 315.2892  1.00270452 29846
COMSATBW-2              
1 36582U 10021B   18194.82464986  .00000074  00000-0  00000+0 0  9998
2 36582   0.0228 308.8263 0001813 165.5923 127.2985  1.00267912 29959
BEIDOU 4                
1 36590U 10024A   18194.41334431 -.00000368  00000-0  00000-0 0  9994
2 36590   1.3625  19.5729 0006085 346.4051 184.6459  1.00273576 29747
BADR-5                  
1 36592U 10025A   18194.54001080  .00000132  00000-0  00000-0 0  9990
2 36592   0.0148 110.2093 0003760  32.7240   8.7900  1.00270702 24188
COMS 1                  
1 36744U 10032A   18194.70401421 -.00000357  00000-0  00000+0 0  9997
2 36744   0.0211 216.3963 0000589 286.2570 170.5159  1.00270800 29616
ARABSAT-5A              
1 36745U 10032B   18194.69833409  .00000141  00000-0  00000+0 0  9991
2 36745   0.0490   3.0863 0003114  93.4667 116.8800  1.00285720 29598
ECHOSTAR 15             
1 36792U 10034A   18194.52238914 -.00000294  00000-0  00000-0 0  9998
2 36792   0.0384 288.1143 0001465 169.5352 320.0752  1.00273714 29306
NILESAT 201             
1 36830U 10037A   18194.31808274 -.00000070  00000-0  00000-0 0  9995
2 36830   0.0641 203.3418 0005703 260.5090 294.7775  1.00270629 29325
RASCOM-QAF 1R           
1 36831U 10037B   18194.18374823  .00000007  00000-0  00000+0 0  9997
2 36831   0.0076  23.8127 0004611  87.6234 248.6041  1.00272009 29255
CHINASAT 6A (ZX 6A)     
1 37150U 10042A   18194.65599958 -.00000367  00000-0  00000-0 0  9999
2 37150   0.0400 163.3484 0001800  10.4245 118.8993  1.00268922 28869
QZS-1 (MICHIBIKI)       
1 37158U 10045A   18194.77546039 -.00000164  00000-0  00000+0 0  9999
2 37158  41.0939 153.6616 0758932 270.5989 282.6095  1.00254714 28684
XM-5                    
1 37185U 10053A   18194.80502178 -.00000218  00000-0  00000+0 0  9998
2 37185   0.0242  49.9788 0001595  89.7080 356.5368  1.00269177 28415
BSAT-3B                 
1 37207U 10056B   18194.84392898 -.00000364  00000-0  00000+0 0  9998
2 37207   0.0929 298.7480 0001355  52.3151 354.2632  1.00269030 28242
BEIDOU 6                
1 37210U 10057A   18194.85396111 -.00000126  00000-0  00000+0 0  9992
2 37210   0.9299  55.0049 0002119 215.3427 128.7120  1.00272408 28256
SKYTERRA 1              
1 37218U 10061A   18194.40972594 -.00000126  00000-0  00000+0 0  9991
2 37218   2.7497 336.9880 0002310 173.5813 186.8238  1.00271213 28196
ZHONGXING-20A           
1 37234U 10064A   18194.84794183 -.00000351  00000-0  00000+0 0  9996
2 37234   0.0835 260.8307 0001110 176.1104 289.9816  1.00266887 28007
HYLAS 1                 
1 37237U 10065A   18194.38455647 -.00000245  00000-0  00000-0 0  9991
2 37237   0.0399 304.9830 0002528  70.4063  20.7716  1.00271318 27947
INTELSAT 17 (IS-17)     
1 37238U 10065B   18194.58754356 -.00000015  00000-0  00000-0 0  9998
2 37238   0.0397 253.8802 0002666 222.2119  92.8254  1.00271532 24389
EUTELSAT KA-SAT 9A      
1 37258U 10069A   18194.16671346  .00000051  00000-0  00000+0 0  9993
2 37258   0.0186  27.5942 0003198  82.2031 250.2372  1.00272020 27787
HISPASAT 1E             
1 37264U 10070A   18194.45704948 -.00000228  00000-0  00000-0 0  9997
2 37264   0.0337 111.9435 0005122  13.2786 300.5805  1.00270786 24141
KOREASAT 6              
1 37265U 10070B   18194.73523219 -.00000375  00000-0  00000+0 0  9991
2 37265   0.0105  49.9612 0001369  35.5112 226.7522  1.00269048 27654
INTELSAT NEW DAWN       
1 37392U 11016A   18194.54140656  .00000143  00000-0  00000-0 0  9995
2 37392   0.0013 345.6662 0001443  22.2217 151.1671  1.00270171 24276
YAHSAT 1A               
1 37393U 11016B   18194.58017213  .00000088  00000-0  00000-0 0  9990
2 37393   0.0251  54.4882 0001995  85.7044  52.5776  1.00273226 13377
TELSTAR 14R             
1 37602U 11021A   18194.52230190 -.00000292  00000-0  00000-0 0  9992
2 37602   0.0320 318.7386 0002171 121.3804 336.2361  1.00271181 26813
GSAT-8                  
1 37605U 11022A   18194.83302449  .00000072  00000-0  00000+0 0  9991
2 37605   0.1154 276.8119 0002862  20.7040 349.0194  1.00271184 26203
ST-2                    
1 37606U 11022B   18194.61011479 -.00000224  00000-0  00000-0 0  9999
2 37606   0.0162  63.2617 0001237  89.2106  86.6044  1.00271011 26242
CHINASAT 10 (ZX 10)     
1 37677U 11026A   18194.58677259 -.00000365  00000-0  00000-0 0  9997
2 37677   0.0518 246.7071 0004190 276.0381  90.4049  1.00269848 25937
TIANLIAN 1-02           
1 37737U 11032A   18194.29565385  .00000016  00000-0  00000-0 0  9997
2 37737   2.7831  74.3523 0001731 179.8258 320.2460  1.00276203 25685
GSAT-12                 
1 37746U 11034A   18194.83852035 -.00000179  00000-0  00000+0 0  9990
2 37746   0.0516 247.6102 0011345 196.9010 232.0223  1.00271371 25927
SES-3                   
1 37748U 11035A   18194.60608116 -.00000114  00000-0  00000-0 0  9997
2 37748   0.0119   9.0815 0002015 103.3081 294.2195  1.00271075 25573
KAZSAT-2                
1 37749U 11035B   18194.55213656 -.00000210  00000-0  00000-0 0  9990
2 37749   0.0432 153.9791 0001668  16.9263  45.7287  1.00270356 24366
ASTRA 1N                
1 37775U 11041A   18194.53870226  .00000107  00000-0  00000-0 0  9990
2 37775   0.0381  15.7480 0004684  54.1069  74.6048  1.00271311 15501
BSAT-3C (JCSAT-110R)    
1 37776U 11041B   18194.63471546 -.00000364  00000-0  00000-0 0  9990
2 37776   0.0247 312.9890 0000400 293.3591  23.5629  1.00272534 21456
PAKSAT-1R               
1 37779U 11042A   18194.67955517  .00000141  00000-0  00000+0 0  9994
2 37779   0.0532 189.1206 0004297 261.4744 123.5097  1.00271123 25249
CHINASAT 1A (ZX 1A)     
1 37804U 11047A   18194.48897780 -.00000351  00000-0  00000-0 0  9999
2 37804   0.0476 145.2036 0001083 113.8237 338.1739  1.00269136 25042
COSMOS 2473             
1 37806U 11048A   18194.22910461 -.00000120  00000-0  00000+0 0  9999
2 37806   0.0605 101.6118 0002574  19.9664 238.4376  1.00268981 25036
SES-2                   
1 37809U 11049A   18194.51750392 -.00000208  00000-0  00000-0 0  9998
2 37809   0.0254 314.4649 0002394 149.9257 286.2434  1.00271950 24983
ARABSAT-5C              
1 37810U 11049B   18194.82595838  .00000110  00000-0  00000+0 0  9996
2 37810   0.0598  22.7874 0003085  92.2709 133.9081  1.00272893 24876
EUTELSAT 7 WEST A       
1 37816U 11051A   18194.21197200 -.00000072  00000-0  00000+0 0  9997
2 37816   0.0618  32.0395 0005168 113.4228 214.5622  1.00271587 24936
QUETZSAT 1              
1 37826U 11054A   18194.50849852 -.00000254  00000-0  00000+0 0  9992
2 37826   0.0153   3.6393 0002722 114.6051 279.1340  1.00272173 25064
INTELSAT 18 (IS-18)     
1 37834U 11056A   18194.78610318  .00000039  00000-0  00000+0 0  9996
2 37834   0.0249  56.4162 0001708  52.7954 285.3840  1.00270466 24826
EUTELSAT 16A            
1 37836U 11057A   18194.82517326  .00000090  00000-0  00000+0 0  9996
2 37836   0.0688  34.4884 0005218  76.1999 133.9875  1.00272346 24758
VIASAT-1                
1 37843U 11059A   18194.35968684 -.00000035  00000-0  00000-0 0  9992
2 37843   0.0237  41.7947 0001932  67.8257 195.9496  1.00269722 18293
ASIASAT 7               
1 37933U 11069A   18194.63176587 -.00000347  00000-0  00000-0 0  9993
2 37933   0.0222  86.5361 0001299  11.8883 165.9668  1.00270588 15820
LUCH 5A                 
1 37951U 11074B   18194.85526964 -.00000060  00000-0  00000+0 0  9992
2 37951   1.9000 147.4838 0002585 297.8459 321.1727  1.00272554 24157
NIGCOMSAT 1R            
1 38014U 11077A   18194.83049465  .00000131  00000-0  00000+0 0  9998
2 38014   0.0117 311.6123 0002985  74.8028 246.7106  1.00268123 23999
FENGYUN 2F              
1 38049U 12002A   18193.98292258 -.00000370  00000-0  00000+0 0  9996
2 38049   2.5150  78.0682 0003833 202.2354 116.5917  1.00268495 23847
SES-4                   
1 38087U 12007A   18194.67400508 -.00000182  00000-0  00000+0 0  9990
2 38087   0.0124  19.9824 0002539  94.8146  37.3282  1.00268405 23454
BEIDOU 11               
1 38091U 12008A   18194.44165851  .00000043  00000-0  00000-0 0  9996
2 38091   1.4723  63.2174 0003044 310.9455 134.7987  1.00275198 23446
INTELSAT 22 (IS-22)     
1 38098U 12011A   18193.99192246 -.00000069  00000-0  00000+0 0  9992
2 38098   0.0254  49.0979 0002738  62.1582 248.7731  1.00271353 23013
APSTAR 7                
1 38107U 12013A   18194.55013014 -.00000115  00000-0  00000-0 0  9996
2 38107   0.0128  45.3411 0002694  73.4411  87.1270  1.00272086 23131
YAHSAT 1B               
1 38245U 12016A   18194.05974045  .00000115  00000-0  00000-0 0  9996
2 38245   0.0126   1.2553 0001422  94.6092 264.1517  1.00269370 16593
JCSAT-13                
1 38331U 12023A   18193.84817889 -.00000366  00000-0  00000+0 0  9996
2 38331   0.0190  46.1671 0001615  61.9994 251.8511  1.00270856 22530
VINASAT-2               
1 38332U 12023B   18194.56112185 -.00000342  00000-0  00000-0 0  9999
2 38332   0.0288 306.0398 0001545 169.7067 149.4714  1.00269826 17629
NIMIQ 6                 
1 38342U 12026A   18194.44407970 -.00000186  00000-0  00000+0 0  9994
2 38342   0.0273 307.0154 0002129 140.1464 272.8525  1.00271185 22569
CHINASAT 2A (ZX 2A)     
1 38352U 12028A   18194.84166084 -.00000306  00000-0  00000+0 0  9993
2 38352   0.0469 130.1202 0000791  18.0950 184.7117  1.00270459 22608
INTELSAT 19 (IS-19)     
1 38356U 12030A   18194.72909441 -.00000070  00000-0  00000+0 0  9997
2 38356   0.0148  32.9522 0002701  79.4768 247.5887  1.00270964 22480
ECHOSTAR 17             
1 38551U 12035A   18194.48838043 -.00000087  00000-0  00000-0 0  9990
2 38551   0.0240  45.9589 0002032  63.6422 250.4208  1.00269114 22032
METEOSAT-10 (MSG-3)     
1 38552U 12035B   18194.13155457  .00000052  00000-0  00000+0 0  9994
2 38552   1.0777 346.7726 0002088  94.4610 266.4991  1.00268128 22171
SES-5                   
1 38652U 12036A   18194.82299236  .00000019  00000-0  00000+0 0  9999
2 38652   0.0474 233.2477 0001662 239.5833 120.0495  1.00264687 22039
TIANLIAN 1-03           
1 38730U 12040A   18194.16249945  .00000061  00000-0  00000+0 0  9997
2 38730   0.1296 255.4362 0006249 225.1416 239.4750  1.00271142 21955
INTELSAT 20 (IS-20)     
1 38740U 12043A   18194.00187835 -.00000035  00000-0  00000+0 0  9995
2 38740   0.0119  72.7651 0001059 124.4975 162.7252  1.00271526 21798
HYLAS 2                 
1 38741U 12043B   18194.10569533  .00000143  00000-0  00000-0 0  9996
2 38741   0.0407 267.3344 0001353 204.1278 248.5433  1.00269616 21734
INTELSAT 21 (IS-21)     
1 38749U 12045A   18194.35233060 -.00000297  00000-0  00000-0 0  9997
2 38749   0.0182 319.2571 0001748 154.7541 245.9973  1.00272227 21509
ASTRA 2F                
1 38778U 12051A   18194.11359582  .00000139  00000-0  00000-0 0  9992
2 38778   0.0866 242.0004 0002173 305.0794 172.9082  1.00270278 12131
GSAT-10                 
1 38779U 12051B   18193.96177854 -.00000175  00000-0  00000+0 0  9995
2 38779   0.0124 346.5273 0002995  94.1360 279.3623  1.00272735 21250
INTELSAT 23 (IS-23)     
1 38867U 12057A   18194.33848666 -.00000297  00000-0  00000+0 0  9992
2 38867   0.0450 238.3583 0001342 236.9918 244.6541  1.00271466 21076
BEIDOU 16               
1 38953U 12059A   18192.90163803 -.00000184  00000-0  00000+0 0  9999
2 38953   1.9091  81.1368 0000923  62.6516 194.6178  1.00272829 20994
LUCH 5B                 
1 38977U 12061A   18194.31625079 -.00000145  00000-0  00000-0 0  9991
2 38977   4.3212  72.0142 0003544 343.6429 333.1217  1.00273462 21133
YAMAL 300K              
1 38978U 12061B   18194.71491870  .00000057  00000-0  00000+0 0  9996
2 38978   0.0210 104.8785 0000872 165.6658 101.2934  1.00268354 20840
STAR ONE C3             
1 38991U 12062A   18194.51985931 -.00000261  00000-0  00000-0 0  9995
2 38991   0.0160 338.6962 0001813 122.0220 302.7635  1.00268425 20734
EUTELSAT 21B            
1 38992U 12062B   18194.13195640  .00000119  00000-0  00000-0 0  9995
2 38992   0.0634  20.8254 0002827  89.9241 249.2719  1.00272354 20829
ECHOSTAR 16             
1 39008U 12065A   18194.36207180 -.00000294  00000-0  00000+0 0  9999
2 39008   0.0174  54.8029 0002030  53.6556 251.5538  1.00271538 20779
CHINASAT 12 (ZX 12)     
1 39017U 12067A   18194.54367684 -.00000219  00000-0  00000+0 0  9994
2 39017   0.0207  80.7725 0002517  34.1562  99.6634  1.00271117 20678
EUTELSAT 70B            
1 39020U 12069A   18193.99645806 -.00000054  00000-0  00000-0 0  9991
2 39020   0.0618  32.1809 0003315  83.0686 244.7765  1.00272410 20472
YAMAL 402               
1 39022U 12070A   18193.46896269  .00000077  00000-0  00000-0 0  9992
2 39022   0.0290  79.9408 0002574  32.6066  41.4947  1.00274094 20555
SKYNET 5D               
1 39034U 12075A   18194.83250108  .00000086  00000-0  00000+0 0  9997
2 39034   0.0697 355.2295 0002816 124.2527 164.6114  1.00270687 20482
MEXSAT 3                
1 39035U 12075B   18194.50969672 -.00000038  00000-0  00000-0 0  9994
2 39035   0.0246 134.3594 0001788 341.3975 244.2513  1.00270838 20146
TDRS 11                 
1 39070U 13004A   18194.57975015  .00000087  00000-0  00000+0 0  9993
2 39070   4.8599 328.7228 0003951 315.4072  44.7910  1.00276060 19959
AMAZONAS 3              
1 39078U 13006A   18194.36056489 -.00000294  00000-0  00000+0 0  9996
2 39078   0.0126 254.4670 0002597 256.0374 209.5103  1.00270155 19939
AZERSPACE 1             
1 39079U 13006B   18194.06428886  .00000122  00000-0  00000-0 0  9998
2 39079   0.0218  32.3158 0001773  88.5911 239.1105  1.00270078 19773
EUTELSAT 117 WEST A     
1 39122U 13012A   18194.51525847 -.00000025  00000-0  00000-0 0  9992
2 39122   0.0371 299.5019 0002806 171.1904 249.3276  1.00272382 19417
ANIK G1                 
1 39127U 13014A   18194.48888298 -.00000087  00000-0  00000+0 0  9994
2 39127   0.0218 305.2546 0000472  97.6335 317.1054  1.00271881 19229
CHINASAT 11 (ZX 11)     
1 39157U 13020A   18194.55440470 -.00000303  00000-0  00000-0 0  9990
2 39157   0.0287 230.0118 0002471  72.2484 286.6700  1.00268328 19111
EUTELSAT 7B             
1 39163U 13022A   18194.17227501  .00000037  00000-0  00000-0 0  9998
2 39163   0.0497  47.3131 0003352 354.3268 318.3764  1.00271974 18953
SES-6                   
1 39172U 13026A   18194.30388290 -.00000273  00000-0  00000+0 0  9992
2 39172   0.0219  44.4553 0001629  45.6847 269.8690  1.00271500 18693
IRNSS-1A                
1 39199U 13034A   18193.34157112  .00000066  00000-0  00000+0 0  9999
2 39199  29.4893 108.3712 0017895 185.1015 174.8238  1.00278228 18597
ALPHASAT                
1 39215U 13038A   18194.19500047  .00000125  00000-0  00000-0 0  9992
2 39215   1.9778  25.8877 0001906  70.7725 289.3761  1.00275333 15012
INSAT-3D                
1 39216U 13038B   18193.96417513 -.00000167  00000-0  00000-0 0  9999
2 39216   0.0684 282.2607 0000917 227.4524 210.2839  1.00271482 18088
EUTELSAT 25B            
1 39233U 13044A   18194.12101499  .00000132  00000-0  00000+0 0  9997
2 39233   0.0454   6.6430 0001647 112.2685 241.0962  1.00269250 17868
GSAT-7                  
1 39234U 13044B   18193.98657524 -.00000088  00000-0  00000-0 0  9998
2 39234   0.0522 257.8299 0001439  55.9087  46.2408  1.00271413 16308
AMOS-4                  
1 39237U 13045A   18194.01163549 -.00000004  00000-0  00000-0 0  9994
2 39237   0.0197  95.6787 0002089   3.2567 261.0796  1.00273118 17920
ASTRA 2E                
1 39285U 13056A   18194.11274915  .00000140  00000-0  00000+0 0  9999
2 39285   0.0727 328.4598 0002616 122.6013 268.9602  1.00282878 17551
SIRIUS FM-6             
1 39360U 13058A   18194.51325243 -.00000029  00000-0  00000+0 0  9997
2 39360   0.0182  15.0935 0000324 313.6021  31.3025  1.00266631 17313
RADUGA-1M 3             
1 39375U 13062A   18193.97446069 -.00000049  00000-0  00000+0 0  9999
2 39375   0.0398 173.8471 0003511 300.7411 237.0258  1.00272790 17087
SES-8                   
1 39460U 13071A   18193.92852253 -.00000280  00000-0  00000-0 0  9993
2 39460   0.0498 256.3797 0002481 208.7834 254.8561  1.00272477 15479
INMARSAT 5-F1           
1 39476U 13073A   18194.01816372  .00000018  00000-0  00000+0 0  9992
2 39476   0.0237  41.2257 0000454 241.1265  77.6428  1.00268909 16891
TKSAT-1 (TUPAC KATARI)  
1 39481U 13075A   18194.51741670 -.00000207  00000-0  00000-0 0  9995
2 39481   0.0444 221.2571 0002035 235.3965 293.7294  1.00273320 16553
EXPRESS-AM5             
1 39487U 13077A   18193.48588642 -.00000289  00000-0  00000-0 0  9996
2 39487   0.0431 218.5938 0000770 131.9073 254.7604  1.00270285 17321
GSAT-14                 
1 39498U 14001A   18193.98669785 -.00000088  00000-0  00000-0 0  9996
2 39498   0.0300 102.3649 0004328 351.7291 265.9472  1.00270480 16417
THAICOM 6               
1 39500U 14002A   18194.55047910 -.00000134  00000-0  00000-0 0  9997
2 39500   0.0662 120.7654 0004046   5.1708  82.1173  1.00271532 16429
TDRS 12                 
1 39504U 14004A   18194.23885637 -.00000275  00000-0  00000-0 0  9990
2 39504   5.5316 335.9994 0001874 123.9559 236.2411  1.00273673 15249
ABS-2                   
1 39508U 14006A   18193.98417930 -.00000097  00000-0  00000-0 0  9996
2 39508   0.0281  42.9534 0003695  62.6913 254.3961  1.00270237 16273
ATHENA-FIDUS            
1 39509U 14006B   18194.08687063  .00000143  00000-0  00000+0 0  9995
2 39509   0.0172  39.4165 0001030  96.7032 223.8797  1.00267285 16463
TURKSAT 4A              
1 39522U 14007A   18194.07524039  .00000135  00000-0  00000-0 0  9995
2 39522   0.0758 270.2929 0001144 281.5380 168.1576  1.00274230 15954
EXPRESS-AT1             
1 39612U 14010A   18192.68192449  .00000073  00000-0  00000-0 0  9991
2 39612   0.0518 218.3425 0000352   7.4117   5.2642  1.00271358 15992
EXPRESS-AT2             
1 39613U 14010B   18193.41405536 -.00000290  00000-0  00000+0 0  9999
2 39613   0.0474 220.4723 0000025  31.0954 327.5861  1.00270823 15830
AMAZONAS 4A             
1 39616U 14011A   18194.39655560 -.00000264  00000-0  00000-0 0  9997
2 39616   0.0264  36.6797 0003779  93.9249 229.4185  1.00268539 15651
ASTRA 5B                
1 39617U 14011B   18194.82831375  .00000141  00000-0  00000+0 0  9998
2 39617   0.0791 294.6180 0003860 191.5225 135.2017  1.00273131 15831
IRNSS-1B                
1 39635U 14017A   18193.84159182  .00000081  00000-0  00000+0 0  9997
2 39635  29.1680 288.6818 0023071 181.7468 178.3235  1.00269600 15765
LUCH 5V                 
1 39727U 14023A   18194.84087572 -.00000280  00000-0  00000+0 0  9992
2 39727   1.9217 299.4884 0002499 175.9865 213.6670  1.00272281533491
KAZSAT-3                
1 39728U 14023B   18194.02954487  .00000050  00000-0  00000-0 0  9996
2 39728   0.0266 307.7077 0000675 179.8178 232.4720  1.00268746 13418
EUTELSAT 3B             
1 39773U 14030A   18194.39188428  .00000007  00000-0  00000-0 0  9990
2 39773   0.0690  42.0343 0003755 102.5878 290.7435  1.00271778 15046
ASIASAT 8               
1 40107U 14046A   18194.20240764 -.00000045  00000-0  00000-0 0  9995
2 40107   0.0163 357.8036 0001911 105.2516 256.9571  1.00270720 73114
ASIASAT 6               
1 40141U 14052A   18194.70235674 -.00000375  00000-0  00000+0 0  9994
2 40141   0.0167 358.9706 0000341 121.3473 183.9463  1.00269168 14128
OPTUS 10                
1 40146U 14054A   18193.73743282 -.00000084  00000-0  00000+0 0  9999
2 40146   0.0994 353.4311 0001428 115.5384 251.0388  1.00274097 14081
MEASAT-3B               
1 40147U 14054B   18193.93818330 -.00000252  00000-0  00000-0 0  9997
2 40147   0.0249   4.4450 0001679  71.4958 284.0695  1.00270776 13870
LUCH (OLYMP)            
1 40258U 14058A   18194.63058194  .00000103  00000-0  10000-3 0  9994
2 40258   0.0194   4.4939 0001475 131.5856  72.2968  1.00266181 13902
HIMAWARI-8              
1 40267U 14060A   18193.80194740 -.00000286  00000-0  00000-0 0  9992
2 40267   0.0155  71.8694 0000883  77.3381 210.7898  1.00270558 13710
IRNSS-1C                
1 40269U 14061A   18193.60690756 -.00000169  00000-0  00000+0 0  9990
2 40269   2.3484 231.7040 0018895   5.3684 354.9304  1.00271375 13770
INTELSAT 30 (IS-30)     
1 40271U 14062A   18194.38181965 -.00000163  00000-0  00000-0 0  9992
2 40271   0.0166  42.1003 0001505  97.3378 194.1571  1.00271368 13647
ARSAT 1                 
1 40272U 14062B   18194.80772611 -.00000273  00000-0  00000+0 0  9995
2 40272   0.0169 216.2211 0000800 251.9568  42.4134  1.00272985 13851
EXPRESS-AM6             
1 40277U 14064A   18194.58017208  .00000085  00000-0  00000-0 0  9992
2 40277   0.0520 218.1911 0000110 343.0652 351.9923  1.00272410 12559
GSAT-16                 
1 40332U 14078A   18194.03929924  .00000074  00000-0  00000-0 0  9994
2 40332   0.0666 107.7391 0007108 347.2558 265.0778  1.00272541 13090
DIRECTV 14              
1 40333U 14078B   18194.56652378 -.00000138  00000-0  00000+0 0  9990
2 40333   0.0217  47.4220 0001055 297.0597  51.6268  1.00272198 13219
YAMAL 401               
1 40345U 14082A   18194.64976273 -.00000241  00000-0  00000-0 0  9996
2 40345   0.0044  19.7762 0000948 244.7825 350.7580  1.00270185 13377
ASTRA 2G                
1 40364U 14089A   18194.11353176  .00000139  00000-0  00000-0 0  9992
2 40364   0.0371 329.4061 0003802 111.6840 278.9442  1.00274644 12938
FENGYUN 2G              
1 40367U 14090A   18194.33928105 -.00000310  00000-0  00000-0 0  9993
2 40367   0.4844 116.7760 0001381 170.7459 224.9563  1.00261042 13007
INMARSAT 5-F2           
1 40384U 15005A   18194.81104105 -.00000299  00000-0  00000+0 0  9993
2 40384   0.0247  44.5148 0000070 267.4562 216.6265  1.00270030 12643
ABS-3A                  
1 40424U 15010A   18194.19995333 -.00000038  00000-0  00000-0 0  9998
2 40424   0.0202  52.8538 0001940 343.6945 323.4649  1.00268907 12376
EUTELSAT 115 WEST B     
1 40425U 15010B   18194.50982669 -.00000038  00000-0  00000+0 0  9991
2 40425   0.0015 184.1804 0000287 284.6738 251.1488  1.00273335 12404
EXPRESS-AM7             
1 40505U 15012A   18194.54280234  .00000138  00000-0  00000+0 0  9995
2 40505   0.0054  18.0407 0002306 102.9523  45.7625  1.00272801 12326
IRNSS-1D                
1 40547U 15018A   18194.68219895 -.00000302  00000-0  00000+0 0  9991
2 40547  29.1006 288.7810 0022100 183.9521 176.1117  1.00267890 12211
THOR 7                  
1 40613U 15022A   18194.19347729 -.00000020  00000-0  00000+0 0  9991
2 40613   0.0493 226.1469 0002368 246.6735 247.1954  1.00270857 11783
TURKMENALEM52E/MONACOSAT
1 40617U 15023A   18194.04763482  .00000093  00000-0  00000-0 0  9998
2 40617   0.0150  61.8424 0002602  53.8691 244.3068  1.00271587 11801
DIRECTV 15              
1 40663U 15026A   18194.47623649 -.00000116  00000-0  00000+0 0  9995
2 40663   0.0124  73.8899 0000483 209.2228  76.8716  1.00275199 11508
SKY MEXICO-1            
1 40664U 15026B   18194.40992088 -.00000246  00000-0  00000-0 0  9990
2 40664   0.0154  48.6902 0001754  85.7623 225.5520  1.00271447 11514
METEOSAT-11 (MSG-4)     
1 40732U 15034A   18193.88138834 -.00000012  00000-0  00000+0 0  9997
2 40732   1.3271 247.2418 0001770 219.4352 141.2648  1.00268516 11008
STAR ONE C4             
1 40733U 15034B   18194.38563065 -.00000277  00000-0  00000+0 0  9995
2 40733   0.0228 347.6290 0001694  91.0239 281.3563  1.00268681 11008
INTELSAT 34 (IS-34)     
1 40874U 15039A   18194.34536101 -.00000297  00000-0  00000+0 0  9995
2 40874   0.0225  34.9719 0000703 311.5888  13.4374  1.00270478 10643
EUTELSAT 8 WEST B       
1 40875U 15039B   18194.21388201 -.00000077  00000-0  00000-0 0  9995
2 40875   0.0631   9.4217 0003605  93.5076 257.1019  1.00271587 10651
GSAT-6                  
1 40880U 15041A   18193.96149984 -.00000176  00000-0  00000+0 0  9997
2 40880   0.0260  84.2019 0004954 167.8122 107.9232  1.00273108 10594
INMARSAT 5-F3           
1 40882U 15042A   18194.69137964  .00000036  00000-0  00000+0 0  9990
2 40882   0.0155  61.9140 0000412 243.8122  54.2590  1.00269936 10524
TJS-1                   
1 40892U 15046A   18194.60898236 -.00000169  00000-0  00000-0 0  9991
2 40892   0.0567  99.3868 0001772  17.7827 188.5275  1.00270625 10511
EXPRESS-AM8             
1 40895U 15048A   18194.60386744 -.00000124  00000-0  00000-0 0  9993
2 40895   0.0385 214.4404 0000393  70.9764 209.3940  1.00271714 10349
SKY MUSTER (NBN1A)      
1 40940U 15054A   18194.56277934 -.00000292  00000-0  00000-0 0  9992
2 40940   0.0178  26.5888 0001450  81.9600 165.6707  1.00270126 10255
ARSAT 2                 
1 40941U 15054B   18194.41606679 -.00000236  00000-0  00000-0 0  9997
2 40941   0.0485 231.9944 0001051 244.7063 243.3000  1.00270038 10286
MORELOS 3               
1 40946U 15056A   18194.41815653 -.00000050  00000-0  00000-0 0  9992
2 40946   5.8922 328.4935 0003385 183.1091 177.0718  1.00272211 10252
APSTAR 9                
1 40982U 15059A   18193.79817286 -.00000276  00000-0  00000-0 0  9999
2 40982   0.0123 105.1881 0000217 228.4043  26.3986  1.00271345 10107
TURKSAT 4B              
1 40984U 15060A   18194.05310832  .00000104  00000-0  00000+0 0  9996
2 40984   0.0300 297.6514 0001578 181.3142 241.0416  1.00268007 10075
CHINASAT 2C (ZX 2C)     
1 41021U 15063A   18193.59556659 -.00000332  00000-0  00000-0 0  9994
2 41021   0.0349 206.7063 0000294 199.2131 202.3136  1.00267758  9968
GSAT-15                 
1 41028U 15065A   18193.93269350 -.00000268  00000-0  00000-0 0  9998
2 41028   0.0742 104.9847 0002223 340.3871 274.6452  1.00270978  9810
BADR-7 (ARABSAT-6B)     
1 41029U 15065B   18194.11952657  .00000133  00000-0  00000+0 0  9998
2 41029   0.0584 248.4005 0003323 335.3272 136.2369  1.00268696  9876
LAOSAT 1                
1 41034U 15067A   18194.83290313 -.00000357  00000-0  00000+0 0  9998
2 41034   0.0259 256.4360 0002202 263.7450 199.8275  1.00270350  9816
TELSTAR 12V             
1 41036U 15068A   18194.23318403 -.00000131  00000-0  00000+0 0  9996
2 41036   0.0164  44.7034 0001575  58.8356 256.4692  1.00271037  9691
CHINASAT 1C (ZX 1C)     
1 41103U 15073A   18194.87454411 -.00000163  00000-0  00000+0 0  9992
2 41103   0.0153 125.1283 0000800 141.0871  61.7859  1.00267772  9638
ELEKTRO-L 2             
1 41105U 15074A   18194.54995567 -.00000109  00000-0  00000-0 0  9992
2 41105   0.0634 142.0729 0001435 339.6363  83.5835  1.00270086  9484
COSMOS 2513             
1 41121U 15075A   18194.55082803 -.00000151  00000-0  00000-0 0  9999
2 41121   0.0801 104.6432 0002136 356.3528 108.9190  1.00271706  9566
EXPRESS-AMU1            
1 41191U 15082A   18193.59737909  .00000146  00000-0  00000-0 0  9994
2 41191   0.0133  57.9156 0002398  56.5086  67.1933  1.00275406  9463
GAOFEN 4                
1 41194U 15083A   18193.23713692 -.00000342  00000-0  00000+0 0  9990
2 41194   0.0473 100.7912 0005054 117.8624 262.5081  1.00268538  9442
BELINTERSAT-1           
1 41238U 16001A   18194.70271804  .00000094  00000-0  00000+0 0  9990
2 41238   0.0070 353.0190 0001465 131.7795 111.1940  1.00270594  9225
IRNSS-1E                
1 41241U 16003A   18193.18379534 -.00000313  00000-0  00000-0 0  9992
2 41241  29.4416 108.0137 0018629 181.1508 178.7885  1.00272312  9045
INTELSAT 29E (IS-29E)   
1 41308U 16004A   18194.33015061 -.00000294  00000-0  00000+0 0  9994
2 41308   0.0187  67.2028 0001508  44.7706 248.0427  1.00270463  9123
EUTELSAT 9B             
1 41310U 16005A   18194.16667815  .00000050  00000-0  00000+0 0  9998
2 41310   0.0379  72.7921 0001677 201.1314  86.0481  1.00271491  9079
SES-9                   
1 41380U 16013A   18193.89167404 -.00000356  00000-0  00000-0 0  9993
2 41380   0.0512 257.0143 0001898 204.0087 258.9902  1.00271947  8447
EUTELSAT 65 WEST A      
1 41382U 16014A   18194.37228055 -.00000288  00000-0  00000+0 0  9993
2 41382   0.0453   7.3126 0001836 105.7161 246.9809  1.00273061  8613
IRNSS-1F                
1 41384U 16015A   18194.80588724  .00000147  00000-0  00000+0 0  9999
2 41384   3.3616 253.8655 0021200 184.5912 175.7076  1.00276672  8664
IRNSS-1G                
1 41469U 16027A   18194.54202592 -.00000345  00000-0  00000-0 0  9995
2 41469   3.4251 255.6384 0006444 201.0213 159.2849  1.00277383  8165
JCSAT 2B                
1 41471U 16028A   18193.76505027 -.00000176  00000-0  00000-0 0  9993
2 41471   0.0165  40.2433 0001715  76.6126 243.1540  1.00269907  8066
THAICOM 8               
1 41552U 16031A   18193.97429328 -.00000132  00000-0  00000-0 0  9991
2 41552   0.0682  51.4797 0003670  13.7442 294.8059  1.00271712  7684
INTELSAT 31 (IS-31)     
1 41581U 16035A   18194.45488304 -.00000163  00000-0  00000+0 0  9993
2 41581   0.0434 236.4396 0001509  19.3281 104.2053  1.00271355  7662
BD-2-G7                 
1 41586U 16037A   18193.79107765 -.00000256  00000-0  00000+0 0  9998
2 41586   0.7621 352.5456 0001174 263.1360 104.3000  1.00271948  7755
ABS-2A (MONGOLSAT-1)    
1 41588U 16038A   18193.98461188 -.00000094  00000-0  00000-0 0  9995
2 41588   0.0159  80.3011 0001805 283.3800 356.3116  1.00269065  7689
EUTELSAT 117 WEST B     
1 41589U 16038B   18194.51561762 -.00000024  00000-0  00000-0 0  9998
2 41589   0.0021 164.3007 0000353 281.5033 274.2000  1.00271356  7665
BRISAT                  
1 41591U 16039A   18194.77201367 -.00000210  00000-0  00000+0 0  9998
2 41591   0.0196  33.3839 0001870  75.7346 250.9018  1.00270761  7618
ECHOSTAR 18             
1 41592U 16039B   18194.36156189 -.00000294  00000-0  00000+0 0  9997
2 41592   0.0168  45.2975 0001150  58.6229 256.0826  1.00271870  7595
TIANTONG-1 1            
1 41725U 16048A   18192.76033682 -.00000318  00000-0  00000+0 0  9996
2 41725   4.0244 326.4849 0002097  69.2535 268.9923  1.00271057  7211
JCSAT-16                
1 41729U 16050A   18193.74295932 -.00000102  00000-0  00000+0 0  9991
2 41729   0.0143  73.6468 0001742  13.6159 272.7497  1.00272623  7037
INTELSAT 36 (IS-36)     
1 41747U 16053A   18194.00184586 -.00000035  00000-0  00000+0 0  9991
2 41747   0.0102  26.4535 0002296 328.8224   4.7132  1.00271252  6936
INTELSAT 33E (IS-33E)   
1 41748U 16053B   18194.02545697  .00000038  00000-0  00000+0 0  9990
2 41748   0.0136  20.2862 0002404 117.5604 222.1633  1.00271754  7182
INSAT-3DR               
1 41752U 16054A   18193.98651031 -.00000088  00000-0  00000-0 0  9997
2 41752   0.0152 329.8862 0006257 306.1816  83.8521  1.00272561  6773
GSAT-18                 
1 41793U 16060A   18193.98689763 -.00000087  00000-0  00000+0 0  9990
2 41793   0.0716 274.3168 0008178 176.3065 269.4624  1.00271068  6502
SKY MUSTER 2            
1 41794U 16060B   18193.79056748 -.00000254  00000-0  00000-0 0  9998
2 41794   0.0170  20.7482 0001380  80.6269 258.6404  1.00274039  6495
HIMAWARI-9              
1 41836U 16064A   18193.80178930 -.00000284  00000-0  00000+0 0  9991
2 41836   0.0413 292.7267 0000822 178.7946 248.4796  1.00276427  6264
SHIJIAN-17 (SJ-17)      
1 41838U 16065A   18194.63198965 -.00000283  00000-0  00000-0 0  9996
2 41838   4.2721  69.5234 0004540 218.0604 325.5661  1.00274540  6192
GOES 16                 
1 41866U 16071A   18194.39993729 -.00000260  00000-0  00000+0 0  9992
2 41866   0.0077  85.0709 0000158  97.3494 177.5796  1.00269380  6074
TIANLIAN 1-04           
1 41869U 16072A   18194.09603674 -.00000117  00000-0  00000+0 0  9991
2 41869   1.8291 286.7364 0015093 161.1665 314.6869  1.00272826  6271
FENGYUN 4A              
1 41882U 16077A   18193.95257550 -.00000339  00000-0  00000-0 0  9990
2 41882   0.0120 321.8421 0008256 185.7469 230.6014  1.00263491  5940
ECHOSTAR 19             
1 41893U 16079A   18193.46335166 -.00000147  00000-0  00000-0 0  9997
2 41893   0.0243  43.8209 0001074  62.9168 253.2742  1.00269675  5686
JCSAT-15                
1 41903U 16082A   18193.88668211 -.00000361  00000-0  00000+0 0  9996
2 41903   0.0191 306.9670 0001288 317.8650  95.1450  1.00270805  5743
STAR ONE D1             
1 41904U 16082B   18194.42437373 -.00000223  00000-0  00000+0 0  9998
2 41904   0.0182  64.3566 0002598  58.9761 236.6823  1.00271672  5754
TJS-2                   
1 41911U 17001A   18194.63335828 -.00000356  00000-0  00000-0 0  9991
2 41911   0.1676  97.5862 0001412 162.0295   7.4122  1.00269881  5699
HISPASAT 36W-1          
1 41942U 17006A   18194.29134434 -.00000256  00000-0  00000+0 0  9990
2 41942   0.0063  30.9487 0000949  81.6399 247.4215  1.00269703  5491
TELKOM 3S               
1 41944U 17007A   18193.86482078 -.00000373  00000-0  00000-0 0  9996
2 41944   0.0199  34.2155 0001985  71.1997 254.6067  1.00271613  5107
INTELSAT 32E (IS-32E)   
1 41945U 17007B   18194.31121319 -.00000281  00000-0  00000+0 0  9993
2 41945   0.0172  42.6794 0000659 289.7663  27.5411  1.00274548  5217
ECHOSTAR 23             
1 42070U 17014A   18193.31881967 -.00000281  00000-0  00000-0 0  9993
2 42070   0.0168  41.4949 0001990  68.9816 249.5388  1.00271761  4905
SES-10                  
1 42432U 17017A   18194.37700839 -.00000284  00000-0  00000-0 0  9996
2 42432   0.0105  36.9303 0002320  73.5621 249.5228  1.00271792  4733
CHINASAT 16 (SJ-13)     
1 42662U 17018A   18193.88535398 -.00000363  00000-0  00000-0 0  9991
2 42662   0.0643  92.6414 0005184 128.0848 139.2268  1.00271431  4688
KOREASAT 7              
1 42691U 17023A   18193.87062126 -.00000372  00000-0  00000+0 0  9991
2 42691   0.0224  59.8962 0001869  44.5729 255.5437  1.00273496  4407
SGDC                    
1 42692U 17023B   18194.39903082 -.00000262  00000-0  00000+0 0  9993
2 42692   0.0107  17.6151 0001961  92.2298 250.1664  1.00269895  4416
GSAT-9                  
1 42695U 17024A   18193.92232863 -.00000297  00000-0  00000-0 0  9996
2 42695   0.1082 273.7592 0002738 187.4019 258.8615  1.00276783  4333
INMARSAT 5-F4           
1 42698U 17025A   18194.03510563  .00000065  00000-0  00000+0 0  9990
2 42698   0.0584 239.7627 0000337 139.6026 340.6272  1.00269243  4234
SES-15                  
1 42709U 17026A   18194.54936267  .00000047  00000-0  00000+0 0  9993
2 42709   0.0210  34.9352 0000209 101.0660 224.0004  1.00268664  5143
VIASAT-2                
1 42740U 17029A   18193.38801360 -.00000273  00000-0  00000-0 0  9990
2 42740   0.0239  39.9773 0000173 232.6538  87.3669  1.00271343  4140
EUTELSAT 172B           
1 42741U 17029B   18194.71239006 -.00000020  00000-0  00000+0 0  9990
2 42741   0.0173  48.7564 0000292 236.1764  75.0530  1.00269301  4676
GSAT-19                 
1 42747U 17031A   18194.05912465  .00000114  00000-0  00000-0 0  9997
2 42747   0.0594 263.8251 0005883 170.5612 285.6700  1.00275479  4105
ECHOSTAR 21             
1 42749U 17032A   18194.04480030  .00000060  00000-0  00000-0 0  9997
2 42749   6.8318 317.0755 0001595 147.8631 212.3196  1.00269922  4078
CHINASAT 9A (ZX 9A)     
1 42763U 17035A   18193.08868797 -.00000319  00000-0  00000-0 0  9997
2 42763   0.0326 244.2492 0004328 221.1177 317.8546  1.00267754  4606
BULGARIASAT-1           
1 42801U 17038A   18194.18641096 -.00000000  00000-0  00000-0 0  9993
2 42801   0.0249 296.5843 0002817 173.3382 250.0988  1.00272221  3792
HELLAS-SAT 3            
1 42814U 17040A   18194.08372554  .00000141  00000-0  00000+0 0  9993
2 42814   0.0639  42.1324 0003528  27.6114 290.2854  1.00272210  3855
GSAT-17                 
1 42815U 17040B   18193.93248547 -.00000268  00000-0  00000+0 0  9992
2 42815   0.0779 281.0826 0002870  20.7213  58.1597  1.00271444  3836
INTELSAT 35E (IS-35E)   
1 42818U 17041A   18194.28717431 -.00000250  00000-0  00000+0 0  9999
2 42818   0.0073 352.6272 0000702 102.5830 264.7977  1.00271410  3809
COSMOS 2520             
1 42907U 17046A   18192.46188293  .00000132  00000-0  00000+0 0  9997
2 42907   0.0173  39.8041 0002324 157.2883 303.5137  1.00275343  3331
TDRS 13                 
1 42915U 17047A   18194.24827362 -.00000292  00000-0  00000-0 0  9991
2 42915   6.6032 331.3632 0028722  11.9862 348.2322  1.00271154  3311
QZS-3                   
1 42917U 17048A   18193.83973823 -.00000358  00000-0  00000+0 0  9994
2 42917   0.0599 154.4508 0001907 337.5471 228.0103  1.00272805  3332
AMAZONAS 5              
1 42934U 17053A   18193.36336820 -.00000290  00000-0  00000-0 0  9993
2 42934   0.0259 334.4845 0001395  95.6778 289.8465  1.00271262  3052
ASIASAT 9               
1 42942U 17057A   18194.63099779 -.00000373  00000-0  00000+0 0  9997
2 42942   0.0092  51.6170 0002263  58.6118 170.4625  1.00269070  2907
INTELSAT 37E (IS-37E)   
1 42950U 17059A   18194.24155820 -.00000153  00000-0  00000+0 0  9991
2 42950   0.0208  47.6837 0002200  72.2859 240.0523  1.00271039  3017
BSAT-4A                 
1 42951U 17059B   18193.88745012 -.00000361  00000-0  00000-0 0  9991
2 42951   0.0459 359.5067 0003820  73.7210 286.8063  1.00269572  2781
SES-11 (ECHOSTAR 105)   
1 42967U 17063A   18194.48238490 -.00000101  00000-0  00000-0 0  9999
2 42967   0.0141  51.9236 0002065  60.7899 247.3083  1.00270052  2774
KOREASAT 5A             
1 42984U 17067A   18193.87823465 -.00000368  00000-0  00000+0 0  9990
2 42984   0.0166  70.0108 0000756  37.7578 252.2315  1.00268809  2593
ALCOMSAT 1              
1 43039U 17078A   18194.26047194 -.00000198  00000-0  00000+0 0  9996
2 43039   0.0339 122.0509 0003461 351.1063 246.8700  1.00274475  2254
GOES-S                  
1 43226U 18022A   18194.43955453 -.00000195  00000-0  00000+0 0  9996
2 43226   0.0333 123.6681 0000431 346.8631 249.4633  1.00270711  1409
HISPASAT 30W-6          
1 43228U 18023A   18194.27492743 -.00000230  00000-0  00000+0 0  9999
2 43228   0.0366  48.3462 0003983  41.6741 270.0160  1.00256565  1466
SUPERBIRD 8             
1 43271U 18033A   18193.74277939 -.00000102  00000-0  00000-0 0  9996
2 43271   0.0357 277.7798 0002117 335.0850 107.1043  1.00271703  1026
HYLAS 4                 
1 43272U 18033B   18193.13542019  .00000121  00000-0  00000-0 0  9994
2 43272   0.0094 277.1231 0001619 198.6602 244.2279  1.00270487  1050
BANGABANDHUSAT-1        
1 43463U 18044A   18193.86170963 -.00000373  00000-0  00000-0 0  9993
2 43463   0.0324 113.3549 0002397  31.4139 215.2391  1.00271992   687
FENGYUN 2H              
1 43491U 18050A   18192.90982468 -.00000264  00000-0  00000+0 0  9994
2 43491   2.2725 285.9786 0003028 225.4106 199.8461  1.00268118   464
